  TT  PID   AT IO_D   WT   RT  TRT
 201   11    1    0  200    0  200 
 201   12    2    0  199    0  199 
 201    1    1    0    0    0  200 
 251   13  201    0   50    0   50 
 251   14  202    0   49    0   49 
 251   10    4    0  197  197  247 
 311   15  251    0   60    0   60 
 311   16  252    0   59    0   59 
 311    9    4    0  247  247  307 
 379   19  323    0   56    0   56 
 379   20  324    0   55    0   55 
 379    7    3    0  320  320  376 
 511   21  379    0  132    0  132 
 511   22  380    0  131    0  131 
 511   18  312    0   67   67  199 
 716   23  583    0  133    0  133 
 716   24  584    0  132    0  132 
 716   17  311    0  272  272  405 
 788    8    3   39  651  308  785 
 986   27  788    0  198    0  198 
 986   28  789    0  197    0  197 
 986   26  717    0   71   71  269 
1329   29 1130    0  199    0  199 
1329   30 1131    0  198    0  198 
1329   25  716    0  414  414  613 
1379   31 1329    0   50    0   50 
1379   32 1330    0   49    0   49 
1379    5    2    0 1327 1327 1377 
1417    6    3   42 1214  713 1414 
1497   37 1439    0   58    0   58 
1497   38 1440    0   57    0   57 
1497   34 1418    0   21   21   79 
1629   39 1497    0  132    0  132 
1629   40 1498    0  131    0  131 
1629   36 1429    0   68   68  200 
1828   41 1695    0  133    0  133 
1828   42 1696    0  132    0  132 
1828   35 1428    0  267  267  400 
1887   43 1828    0   59    0   59 
1887   44 1829    0   58    0   58 
1887   33 1417    0  411  411  470 
1968    3    2   22 1832 1426 1966 
2024   45 1968    0   56    0   56 
2024   46 1969    0   55    0   55 
2024    2    2    0 1966 1966 2022 
2054    4    2    9 1992 1415 2052 


Processes: 46
Avg WT = 312, Avg RT = 206, Avg TRT = 713, 
Migration : RTF = 0 MaxW = 0
Steal     : 0
Fork      : 78.2609
Kill      : 0


Processors: 1 [ FCFS 1 RR 0 SJF 0 ]
Processor Load: 
(p1) : 6.23209% 

Processor Utilization: 
(p1) : 99%  
Avg Utilization : 99%